(
gen1:0.01733,
gen3:-0.00657,
gen2:0.01135);
